[Transform3D(-0.720136, 0.0739325, -0.689882, 0.601451, -0.429206, -0.673824, -0.345919, -0.900175, 0.264621, 0.157107, 0.986719, -0.250116), Transform3D(-0.720136, 0.0739325, -0.689882, 0.601451, -0.429206, -0.673824, -0.345919, -0.900175, 0.264621, 0.111815, 0.93808, -0.237458), Transform3D(-0.320869, -0.925433, -0.201538, -0.334209, 0.309732, -0.890152, 0.886198, -0.218266, -0.408672, 0.119375, 0.988817, -0.234606), Transform3D(-0.425159, -0.78765, -0.445923, -0.157919, 0.549663, -0.820324, 0.891236, -0.278349, -0.358079, 0.126087, 1.01846, -0.220997), Transform3D(-0.344419, -0.828146, -0.44221, -0.340836, 0.549192, -0.763033, 0.874761, -0.112082, -0.471414, 0.141521, 1.04685, -0.208603), Transform3D(-0.344419, -0.828146, -0.44221, -0.340836, 0.549192, -0.763033, 0.874761, -0.112082, -0.471414, 0.152024, 1.06688, -0.197448), Transform3D(-0.720136, 0.0739325, -0.689882, 0.601451, -0.429206, -0.673824, -0.345919, -0.900175, 0.264621, 0.125577, 0.980244, -0.241555), Transform3D(-0.771224, 0.03931, -0.635349, 0.573406, -0.390542, -0.720196, -0.276442, -0.919745, 0.278655, 0.161722, 1.02206, -0.265075), Transform3D(-0.759033, 0.256632, -0.598338, 0.562957, -0.202926, -0.801187, -0.327028, -0.944966, 0.00955516, 0.186403, 1.05003, -0.275899), Transform3D(-0.718631, 0.337883, -0.607787, 0.597274, -0.147712, -0.788318, -0.356136, -0.929525, -0.0956588, 0.201297, 1.06998, -0.276137), Transform3D(-0.718631, 0.337883, -0.607787, 0.597274, -0.147712, -0.788318, -0.356136, -0.929525, -0.0956588, 0.215791, 1.0877, -0.274814), Transform3D(-0.720136, 0.0739325, -0.689882, 0.601451, -0.429206, -0.673824, -0.345919, -0.900175, 0.264621, 0.13628, 0.967165, -0.238584), Transform3D(-0.598296, 0.0906835, -0.796127, 0.697901, -0.429172, -0.573364, -0.39367, -0.898659, 0.193484, 0.177934, 1.00627, -0.261648), Transform3D(-0.588983, 0.362376, -0.722346, 0.692806, -0.233781, -0.682177, -0.416075, -0.902236, -0.113363, 0.212938, 1.03148, -0.270155), Transform3D(-0.552003, 0.454889, -0.698834, 0.669047, -0.258577, -0.696789, -0.497663, -0.852182, -0.161607, 0.23332, 1.05073, -0.266956), Transform3D(-0.552003, 0.454889, -0.698834, 0.669047, -0.258577, -0.696789, -0.497663, -0.852182, -0.161607, 0.251894, 1.06804, -0.263659), Transform3D(-0.720136, 0.0739325, -0.689882, 0.601451, -0.429206, -0.673824, -0.345919, -0.900175, 0.264621, 0.14699, 0.95549, -0.236025), Transform3D(-0.476092, 0.570761, -0.669006, 0.733886, -0.161271, -0.659851, -0.484508, -0.805123, -0.342093, 0.186874, 0.991404, -0.249289), Transform3D(-0.427327, 0.797921, -0.425104, 0.724619, 0.0210865, -0.688827, -0.540666, -0.602393, -0.5872, 0.213595, 1.01776, -0.235625), Transform3D(-0.429747, 0.877683, -0.212106, 0.684702, 0.16362, -0.710219, -0.588643, -0.450444, -0.671267, 0.225166, 1.03651, -0.219643), Transform3D(-0.429747, 0.877683, -0.212106, 0.684702, 0.16362, -0.710219, -0.588643, -0.450444, -0.671267, 0.23201, 1.05429, -0.203505), Transform3D(-0.408095, 0.344273, -0.845538, 0.544558, -0.651568, -0.528124, -0.732745, -0.67597, 0.0784254, 0.152142, 0.951569, -0.229859), Transform3D(-0.251789, 0.966084, -0.0573142, 0.7336, 0.1519, -0.662388, -0.631216, -0.208827, -0.746966, 0.191676, 0.976265, -0.233527), Transform3D(-0.1592, 0.971741, 0.174287, 0.798486, 0.230557, -0.556115, -0.580583, 0.0506321, -0.812626, 0.193479, 0.997107, -0.210024), Transform3D(-0.138899, 0.952009, 0.272737, 0.740693, 0.282676, -0.609482, -0.657329, 0.117358, -0.74441, 0.189853, 1.00868, -0.193118), Transform3D(-0.138899, 0.952009, 0.272737, 0.740693, 0.282676, -0.609482, -0.657329, 0.117358, -0.74441, 0.18488, 1.0229, -0.176423)]
