[Transform3D(-0.688454, -0.432091, -0.582519, 0.618059, 0.0707546, -0.782941, 0.379518, -0.89905, 0.218347, 0.159417, 0.986431, -0.261858), Transform3D(-0.688454, -0.432091, -0.582519, 0.618059, 0.0707546, -0.782941, 0.379518, -0.89905, 0.218347, 0.118315, 0.933452, -0.253059), Transform3D(0.115981, -0.863286, -0.491209, -0.702075, 0.278573, -0.655353, 0.702595, 0.420874, -0.573782, 0.134099, 0.977077, -0.231044), Transform3D(0.0585973, -0.639163, -0.766836, -0.560773, 0.614431, -0.554984, 0.825893, 0.462542, -0.322422, 0.150456, 0.998901, -0.211936), Transform3D(0.0533873, -0.223909, -0.973147, -0.69287, 0.693468, -0.197569, 0.719084, 0.684812, -0.118117, 0.176998, 1.01811, -0.200776), Transform3D(0.0533873, -0.223909, -0.973147, -0.69287, 0.693468, -0.197569, 0.719084, 0.684812, -0.118117, 0.201237, 1.02429, -0.197575), Transform3D(-0.688454, -0.432091, -0.582519, 0.618059, 0.0707546, -0.782941, 0.379518, -0.89905, 0.218347, 0.134988, 0.973536, -0.243166), Transform3D(-0.761828, -0.0176638, -0.647539, 0.438243, 0.722086, -0.535289, 0.477034, -0.691578, -0.542364, 0.162221, 1.02481, -0.258635), Transform3D(-0.753033, 0.582723, -0.305572, 0.480846, 0.804372, 0.348961, 0.449141, 0.115846, -0.885918, 0.187376, 1.04561, -0.237566), Transform3D(-0.721444, 0.683379, -0.111859, 0.482905, 0.612276, 0.626037, 0.496308, 0.397633, -0.771729, 0.194982, 1.03692, -0.215513), Transform3D(-0.721444, 0.683379, -0.111859, 0.482905, 0.612276, 0.626037, 0.496308, 0.397633, -0.771729, 0.19848, 1.02308, -0.197569), Transform3D(-0.688454, -0.432091, -0.582519, 0.618059, 0.0707546, -0.782941, 0.379518, -0.89905, 0.218347, 0.143544, 0.9618, -0.252279), Transform3D(-0.695144, -0.389371, -0.604289, 0.620264, 0.100049, -0.777987, 0.363384, -0.915631, 0.171964, 0.175289, 1.01106, -0.271436), Transform3D(-0.698637, 0.0915581, -0.709594, 0.629576, 0.549849, -0.548908, 0.339912, -0.830231, -0.441787, 0.201859, 1.04527, -0.278997), Transform3D(-0.684404, 0.259045, -0.681533, 0.682876, 0.555292, -0.47469, 0.255484, -0.790282, -0.55694, 0.221881, 1.06076, -0.266531), Transform3D(-0.684404, 0.259045, -0.681533, 0.682876, 0.555292, -0.47469, 0.255484, -0.790282, -0.55694, 0.239826, 1.07332, -0.253291), Transform3D(-0.688454, -0.432091, -0.582519, 0.618059, 0.0707546, -0.782941, 0.379518, -0.89905, 0.218347, 0.152297, 0.951412, -0.261124), Transform3D(-0.658371, -0.482478, -0.577722, 0.707514, -0.134769, -0.69373, 0.256851, -0.865478, 0.430087, 0.186438, 0.993048, -0.273671), Transform3D(-0.688927, -0.00760669, -0.724791, 0.701475, 0.244795, -0.669334, 0.182516, -0.969545, -0.16331, 0.209513, 1.02076, -0.290849), Transform3D(-0.728772, 0.167829, -0.663872, 0.668792, 0.382578, -0.637457, 0.146999, -0.908552, -0.391055, 0.22924, 1.03897, -0.286404), Transform3D(-0.728772, 0.167829, -0.663872, 0.668792, 0.382578, -0.637457, 0.146999, -0.908552, -0.391055, 0.24625, 1.05531, -0.278196), Transform3D(-0.610596, -0.128461, -0.781454, 0.787399, -0.204018, -0.581704, -0.0847043, -0.970502, 0.225722, 0.15903, 0.945534, -0.260944), Transform3D(-0.569781, -0.482041, -0.665572, 0.814523, -0.223741, -0.53525, 0.109097, -0.847099, 0.520117, 0.195567, 0.972735, -0.271498), Transform3D(-0.552137, -0.100568, -0.827666, 0.833538, -0.0891401, -0.545223, -0.0189463, -0.990929, 0.133045, 0.21651, 0.989577, -0.287863), Transform3D(-0.6309, 0.0123581, -0.775766, 0.775789, -0.00388992, -0.63098, -0.0108154, -0.999916, -0.00713313, 0.233728, 1.00092, -0.290631), Transform3D(-0.6309, 0.0123581, -0.775766, 0.775789, -0.00388992, -0.63098, -0.0108154, -0.999916, -0.00713313, 0.251003, 1.01528, -0.291719)]
